0.07019347407588583,-0.011172574035500538,0.3641567779936525,0.19899137145390977,0.013075751316095952,-0.011078716350369944,0.36420410006283294,0.19903456774353834,0.7159184970764185,0.8323211291707865,0.3970535691180946,0.5555882487264457
0.013075751316095952,-0.011078716350369944,0.36420410006283294,0.19903456774353834,-0.1457300575218311,-0.011011851115351745,0.36419402623327574,0.19901415994562466,0.7132453966400625,0.8324036717358184,0.3970953878694428,0.5556302589157452
-0.1457300575218311,-0.011011851115351745,0.36419402623327574,0.19901415994562466,-0.14305695708547506,-0.011094393680383674,0.3641522074819275,0.19897214975632516,0.7069704232959204,0.7233750363591281,0.3970693838957635,0.5367033922343204
-0.14305695708547506,-0.011094393680383674,0.3641522074819275,0.19897214975632516,-0.136781983741333,0.0979342416963066,0.3641782114556068,0.21789901643775,0.7068327026879998,0.5557688756676598,0.397087036274584,0.16408469721853874
-0.136781983741333,0.0979342416963066,0.3641782114556068,0.21789901643775,-0.13664426313341238,0.265540402387775,0.3641605590767863,0.5905177114535316,0.7068496110589931,0.5400724124701113,0.39698827538487613,0.15183330550128643
-0.13664426313341238,0.265540402387775,0.3641605590767863,0.5905177114535316,-0.1366611715044057,0.28123686558532346,0.3642593199664942,0.602769103170784,0.7070524863758989,0.54250862944605,0.5416053220029737,0.14988148919250174
-0.1366611715044057,0.28123686558532346,0.3642593199664942,0.602769103170784,-0.13686404682131148,0.2788006486093847,0.2196422733483966,0.6047209194795686,0.7069184688868247,0.5474672279595032,0.7577156077719788,0.3298812023700615
-0.13686404682131148,0.2788006486093847,0.2196422733483966,0.6047209194795686,-0.13673002933223732,0.27384205009593154,0.003531987579391549,0.4247212063020089,0.7068889781956396,0.7364360647238475,0.7613719014109075,0.6087727819528431
-0.13673002933223732,0.27384205009593154,0.003531987579391549,0.4247212063020089,-0.13670053864105214,0.08487321333158726,-0.00012430605953717144,0.14582962671922728,0.6971823904719744,0.8217149566726515,0.7614820756707186,0.7548267530607009
-0.13670053864105214,0.08487321333158726,-0.00012430605953717144,0.14582962671922728,-0.12699395091738697,-0.0004056786172167426,-0.00023448031934825142,-0.0002243443886305041,0.5701884395545874,0.8213092780554347,0.7612475953513703,0.7546024086720704
-0.12699395091738697,-0.0004056786172167426,-0.00023448031934825142,-0.0002243443886305041,0.0,0.0,0.0,0.0,0.38158854107990625,0.8210580110752544,0.5479117634024466,0.7549056940751396
0.0,0.0,0.0,0.0,0.18859989847468117,0.00025126698018029803,0.2133358319489237,-0.00030328540306923113,0.2897328137622063,0.8209747697156927,0.42102447314820796,0.7556143857548475
0.18859989847468117,0.00025126698018029803,0.2133358319489237,-0.00030328540306923113,0.28045562579238115,0.00033450833974202343,0.34022312220316236,-0.0010119770827771157,0.2902340076018886,0.8210637069206526,0.42092399365214156,0.3872597874182219
0.28045562579238115,0.00033450833974202343,0.34022312220316236,-0.0010119770827771157,0.2799544319526988,0.0002455711347821854,0.34032360169922876,0.3673426212538485,0.323794420637415,0.8210376306352513,0.42091827402967713,0.2706917006483659
-0.19476743120895834,-0.06179780286643055,-0.044169983898674436,0.26902274247873614,-0.34717112873130146,-0.06171490328784457,-0.04415088265261452,0.26902183339344066,0.7218293836823486,0.7880533323679765,0.41539566598763566,0.27086288607418785
-0.34717112873130146,-0.06171490328784457,-0.04415088265261452,0.26902183339344066,-0.41965721477113255,-0.02894594935552064,-0.03875916433083115,0.2688235255515955,0.721883684083651,0.6195109521347891,0.34644858834567105,0.2701018939801788
-0.41965721477113255,-0.02894594935552064,-0.03875916433083115,0.2688235255515955,-0.41971151517243493,0.1395964308776667,0.030187913311133463,0.26958451764560454,0.7219942256382147,0.5677190489661746,0.37287710506965477,0.2700769302419537
-0.41971151517243493,0.1395964308776667,0.030187913311133463,0.26958451764560454,-0.4198220567269986,0.1913883340462812,0.0037593965871497437,0.2696094813838296,0.7221955388402493,0.5531147940638145,0.4751077756990454,0.2195675709633908
-0.4198220567269986,0.1913883340462812,0.0037593965871497437,0.2696094813838296,-0.4200233699290333,0.20599258894864136,-0.09847127404224087,0.32011884066239255,0.7220041844045073,0.5538970384655159,0.6894752972652198,0.2472511516620367
-0.4200233699290333,0.20599258894864136,-0.09847127404224087,0.32011884066239255,-0.41983201549329124,0.20521034454693998,-0.3128387956084153,0.29243525996374664,0.7222602121589207,0.5557060775570153,0.6921207447450141,0.5694184587238876
-0.41983201549329124,0.20521034454693998,-0.3128387956084153,0.29243525996374664,-0.4200880432477046,0.20340130545544055,-0.31548424308820955,-0.029732047098104286,0.7220579862379158,0.7205462715327635,0.6979626326190029,0.7616699087545934
-0.4200880432477046,0.20340130545544055,-0.31548424308820955,-0.029732047098104286,-0.4198858173266998,0.03856111147969232,-0.3213261309621984,-0.22198349712881005,0.6900234379470118,0.7591555528178537,0.6974448326542219,0.7691864811002573
-0.4198858173266998,0.03856111147969232,-0.3213261309621984,-0.22198349712881005,-0.38785126903579575,-4.816980539790183e-05,-0.32080833099741735,-0.229500069474474,0.5700318595915186,0.7594520044846395,0.6973303456301551,0.7691121700299101
-0.38785126903579575,-4.816980539790183e-05,-0.32080833099741735,-0.229500069474474,-0.2678596906803025,-0.00034462147218361494,-0.32069384397335055,-0.2294257584041267,0.413251878485692,0.7592797253324728,0.6004448774367168,0.768942969921648
-0.2678596906803025,-0.00034462147218361494,-0.32069384397335055,-0.2294257584041267,-0.11107970957447594,-0.00017234232001694938,-0.2238083757799123,-0.22925655829586467,0.3034772629535048,0.7591393422668471,0.4286868881983167,0.7694942598271999
-0.11107970957447594,-0.00017234232001694938,-0.2238083757799123,-0.22925655829586467,-0.0013050940422887347,-3.195925439125613e-05,-0.05205038654151217,-0.22980784820141653,0.30217216891121607,0.7591073830124558,0.3766365016568045,0.5396864116257833
-0.0013050940422887347,-3.195925439125613e-05,-0.05205038654151217,-0.22980784820141653,0.0,0.0,0.0,0.0,0.3022354291033779,0.7594902809636087,0.3765638909268894,0.21695736859433576
0.0,0.0,0.0,0.0,-6.326019216185141e-05,-0.00038289795115287184,7.261072991510131e-05,0.32272904303144756,0.3438330211793152,0.7592923841243419,0.37656761082867896,0.2169722379228754
0.23215198545375137,-0.014921335525517998,0.33362507733014085,0.6250703705367641,0.04590032659735477,-0.014842055067295301,0.33365935054740403,0.6250725529199905,0.753872808773872,0.7593901145442896,0.3939689365426091,0.2169906732333862
0.04590032659735477,-0.014842055067295301,0.33365935054740403,0.6250725529199905,-0.025622393693737977,-0.015139436690797092,0.3161424228374027,0.6250402923888287,0.7369411809474808,0.6949369933035715,0.3939281106038458,0.2169795366066566
-0.025622393693737977,-0.015139436690797092,0.3161424228374027,0.6250402923888287,-0.00869076586734685,0.04931368454992102,0.316183248776166,0.6250514290155583,0.7366539532765594,0.6354286223066613,0.5499184389299152,0.21695479245305807
-0.00869076586734685,0.04931368454992102,0.316183248776166,0.6250514290155583,-0.008403538196425364,0.10882205554683122,0.1601929204500966,0.6250761731691569,0.7368968502346603,0.6354920831859997,0.5668239831073484,0.10717463817756497
-0.008403538196425364,0.10882205554683122,0.1601929204500966,0.6250761731691569,-0.008646435154526344,0.10875859466749283,0.1432873762726634,0.7348563274446499,0.7367525890668686,0.5389037188530971,0.5912073149767734,0.04272028419906416
-0.008646435154526344,0.10875859466749283,0.1432873762726634,0.7348563274446499,-0.008502173986734585,0.20534695900039546,0.11890404440323843,0.7993106814231508,0.7378681750524141,0.5384627588260732,0.7062734168903428,0.3011571320684599
-0.008502173986734585,0.20534695900039546,0.11890404440323843,0.7993106814231508,-0.009617759972280093,0.20578791902741933,0.003837942489668955,0.5408738335537551,0.7377988498666822,0.6240767275069226,0.7101707386654073,0.6603612361777113
-0.009617759972280093,0.20578791902741933,0.003837942489668955,0.5408738335537551,-0.00954843478654821,0.12017395034656997,-5.937928539545556e-05,0.18166972944450366,0.728250415080134,0.7442506778534925,0.7101113593800118,0.8420309656222149
-0.00954843478654821,0.12017395034656997,-5.937928539545556e-05,0.18166972944450366,0.0,0.0,0.0,0.0,0.6108122325160596,0.7445943678498237,0.5709474750985898,0.8422727316912221
0.0,0.0,0.0,0.0,0.11743818256407434,-0.0003436899963311646,0.139163884281422,-0.00024176606900716546,0.4365423280205936,0.7444480091491774,0.5226117951022747,0.842385689438235
0.11743818256407434,-0.0003436899963311646,0.139163884281422,-0.00024176606900716546,0.2917080870595404,-0.00019733129568488827,0.18749956427773706,-0.00035472381602008607,0.297478441146609,0.7448353650294484,0.3891351685054414,0.8431530857579916
0.2917080870595404,-0.00019733129568488827,0.18749956427773706,-0.00035472381602008607,0.430771973933525,-0.0005846871759558336,0.3209761908745704,-0.0011221201357767274,0.2919796763019042,0.7445378279727098,0.2367238872879633,0.7751622404608762
0.430771973933525,-0.0005846871759558336,0.3209761908745704,-0.0011221201357767274,0.4362707387782298,-0.0002871501192173165,0.47338747209204846,0.06686872516133868,0.2923026477517506,0.7444877340369852,0.2366600513548951,0.34308690513152357
0.4362707387782298,-0.0002871501192173165,0.47338747209204846,0.06686872516133868,0.4359477673283834,-0.00023705618349267876,0.4734513080251167,0.49894406049069134,0.3352536039377104,0.7448535822139164,0.24801744693469127,0.3232710651927272
0.16669784730317783,-0.03852118506236635,0.26743333592265056,0.5246167858586248,-0.004047904270057745,-0.04481775310354086,0.1928667931811488,0.524616509109324,0.7640486522478024,0.8221121559419868,0.4214047244329229,0.3232192275370636
-0.004047904270057745,-0.04481775310354086,0.1928667931811488,0.524616509109324,-0.09948882964338557,-0.03486097626192597,0.24833207633760712,0.5246338136286484,0.7642777660620905,0.6160657826476329,0.39415349856527343,0.3071516726381337
-0.09948882964338557,-0.03486097626192597,0.24833207633760712,0.5246338136286484,-0.09971794345767371,0.17118539703242797,0.27558330220525656,0.5407013685275783,0.7641728692652517,0.6019664069830538,0.4783842052121589,0.22650378648394845
-0.09971794345767371,0.17118539703242797,0.27558330220525656,0.5407013685275783,-0.09961304666083493,0.18528477269700705,0.19135259555837109,0.6213492546817636,0.7641739506586278,0.6369183486006739,0.5503938641411914,0.12092954556523469
-0.09961304666083493,0.18528477269700705,0.19135259555837109,0.6213492546817636,-0.09961412805421099,0.150332831079387,0.11934293662933859,0.7269234956004773,0.7641674345604303,0.6328722865105799,0.6337172142318439,0.1169886195388895
-0.09961412805421099,0.150332831079387,0.11934293662933859,0.7269234956004773,-0.09960761195601353,0.15437889316948095,0.03601958653868609,0.7308644216268225,0.7640320028930154,0.6186290966634302,0.7458424211583318,0.11254047183561877
-0.09960761195601353,0.15437889316948095,0.03601958653868609,0.7308644216268225,-0.09947218028859861,0.16862208301663062,-0.07610562038780178,0.7353125693300933,0.7641861166035179,0.639477515918645,0.7923588035385748,0.5743473187603941
-0.09947218028859861,0.16862208301663062,-0.07610562038780178,0.7353125693300933,-0.09962629399910106,0.14777366376141587,-0.1226220027680448,0.2735057224053179,0.7641798628260444,0.7872291216128983,0.723656077821342,0.8480253587050018
-0.09962629399910106,0.14777366376141587,-0.1226220027680448,0.2735057224053179,-0.09962004022162763,2.205806716260028e-05,-0.05391927705081201,-0.00017231753928981242,0.6645598226044168,0.7872511796800609,0.66973680077053,0.847853041165712
-0.09962004022162763,2.205806716260028e-05,-0.05391927705081201,-0.00017231753928981242,0.0,0.0,0.0,0.0,0.473927398544655,0.7869764857054328,0.5866595734504266,0.8475113327597771
0.0,0.0,0.0,0.0,0.19063242405976183,0.000274693974628093,0.08307722732010336,0.00034170840593494844,0.29895172526723773,0.7870442646559638,0.5677958354480632,0.849088720769542
0.19063242405976183,0.000274693974628093,0.08307722732010336,0.00034170840593494844,0.3656080973371791,0.0002069150240970874,0.10194096532246677,-0.0012356796038299755,0.29324686744926887,0.7866612016357124,0.3926555487375581,0.7114248927494744
0.3656080973371791,0.0002069150240970874,0.10194096532246677,-0.0012356796038299755,0.37131295515514795,0.0005899780443484604,0.2770812520329719,0.13642814841623763,0.29330434418696044,0.7868686132864614,0.3926533295762188,0.2618167135875813
0.37131295515514795,0.0005899780443484604,0.2770812520329719,0.13642814841623763,0.3712554784174564,0.00038256639359945943,0.2770834711943112,0.5860363275781307,0.3281299744601034,0.7868696169722097,0.3926330361284749,0.17699813381700152
0.1430069551982588,-0.04186073073242602,0.21924548826330448,0.3664986583629114,0.09823748100202567,-0.04163450070143926,0.21951753243385674,0.3668373968767109,0.6872208441221823,0.832327072669826,0.3970616010127835,0.5555958092632737
0.09823748100202567,-0.04163450070143926,0.21951753243385674,0.3668373968767109,-0.04424340788840908,-0.04156921948931436,0.219523566603745,0.3668279761205213,0.7087482738873402,0.7162779679449999,0.39698355918041356,0.5168618236529801
-0.04424340788840908,-0.04156921948931436,0.219523566603745,0.3668279761205213,-0.06577083765356695,0.07447988523551174,0.21960160843611493,0.40556196173081493,0.7089305839657415,0.6496359322380619,0.3971191074711184,0.1829549512767014
-0.06577083765356695,0.07447988523551174,0.21960160843611493,0.40556196173081493,-0.06595314773196825,0.14112192094244969,0.2194660601454101,0.7394688341070936,0.708852332053443,0.5911340666702719,0.5466122661961864,0.1814613117342058
-0.06595314773196825,0.14112192094244969,0.2194660601454101,0.7394688341070936,-0.06587489581966977,0.1996237865102397,0.06997290142034207,0.7409624736495892,0.7091180375331296,0.5580148973117957,0.6134747611732415,0.4001625408011714
-0.06587489581966977,0.1996237865102397,0.06997290142034207,0.7409624736495892,-0.0661406012993564,0.23274295586871596,0.0031104064432869727,0.5222612445826236,0.7089032054396409,0.6187778645903299,0.6167957753461626,0.7228450212045886
-0.0661406012993564,0.23274295586871596,0.0031104064432869727,0.5222612445826236,-0.06592576920586768,0.1719799885901817,-0.00021060772963410468,0.1995787641792064,0.708836787436373,0.790939777312275,0.6155162680266981,0.920641904554927
-0.06592576920586768,0.1719799885901817,-0.00021060772963410468,0.1995787641792064,-0.06585935120259978,-0.00018192413176343347,0.0010688995898303633,0.0017818808288679877,0.6429774362337732,0.7907578531805116,0.6165851676165285,0.922423785383795
-0.06585935120259978,-0.00018192413176343347,0.0010688995898303633,0.0017818808288679877,0.0,0.0,0.0,0.0,0.4688785703807746,0.7904757527747751,0.6164575475756519,0.9222519871209729
0.0,0.0,0.0,0.0,0.17409886585299866,0.0002821004057365073,0.00012762004087663037,0.0001717982628220982,0.3144956427293022,0.7905943131198587,0.6014539268373713,0.9223442361799276
0.17409886585299866,0.0002821004057365073,0.00012762004087663037,0.0001717982628220982,0.32848179350447104,0.00016354006065288917,0.015131240779157173,7.954920386743503e-05,0.2978734589062877,0.7604484993232943,0.3055451181929052,0.9228714526578559
0.32848179350447104,0.00016354006065288917,0.015131240779157173,7.954920386743503e-05,0.34510397732748554,0.030309353857217336,0.3110400494236233,-0.00044766727406087004,0.2959039111288782,0.7516575358020512,0.2766103380921604,0.5815416017811847
0.34510397732748554,0.030309353857217336,0.3110400494236233,-0.00044766727406087004,0.34707352510489503,0.039100317378460425,0.3399748295243681,0.34088218360261024,0.2970126336038654,0.7514692896150327,0.276682429504303,0.3046110571757615
0.34707352510489503,0.039100317378460425,0.3399748295243681,0.34088218360261024,0.34596480262990786,0.03928856356547894,0.3399027381122255,0.6178127282080335,0.36636469752554535,0.7517505249908459,0.4068656824671517,0.3045559712306635
0.19831885587607778,0.09493558380340072,0.02978036874506451,0.6704384763777029,0.07792566483903163,0.09485518851380492,-0.020004302261347195,0.6704723866471303,0.7216779182047567,0.751898875795096,0.7022032979689911,0.12930551553408154
0.07792566483903163,0.09485518851380492,-0.020004302261347195,0.6704723866471303,-0.02564809967682624,0.09486036941099485,-0.02010522064959208,0.670441115073723,0.7215352021181696,0.6957347181753343,0.6916152625214524,-0.0006523601872318939
-0.02564809967682624,0.09486036941099485,-0.02010522064959208,0.670441115073723,-0.025505383590239128,0.15102452703075653,-0.009517185202053469,0.8003989907950364,0.7214602920371,0.573401419299609,0.6254050027007814,0.0005626941770946184
-0.025505383590239128,0.15102452703075653,-0.009517185202053469,0.8003989907950364,-0.025430473509169604,0.27335782590648183,0.05669307461861761,0.7991839364307098,0.7237533807890977,0.5587858566632888,0.7873689577085662,0.0639075687150639
-0.025430473509169604,0.27335782590648183,0.05669307461861761,0.7991839364307098,-0.027723562261167234,0.28797338854280197,-0.10527088038916721,0.7358390618927406,0.723582039354662,0.5920424808998055,0.8162735785918527,0.49701420515609623
-0.027723562261167234,0.28797338854280197,-0.10527088038916721,0.7358390618927406,-0.027552220826731588,0.2547167643062853,-0.1341755012724537,0.30273242545170825,0.7234884840950516,0.7701804417081136,0.8178797295895426,0.793268371458889
-0.027552220826731588,0.2547167643062853,-0.1341755012724537,0.30273242545170825,-0.027458665567121177,0.07657880349797719,-0.1357816522701436,0.006478259148915533,0.6960298185279304,0.8467592452060908,0.682098077319399,0.7997466306078045
-0.027458665567121177,0.07657880349797719,-0.1357816522701436,0.006478259148915533,0.0,0.0,0.0,0.0,0.6151177709065897,0.8441490536032872,0.6808103880462179,0.9167996064710409
0.0,0.0,0.0,0.0,0.08091204762134074,0.0026101916028036243,0.0012876892731811251,-0.11705297586323637,0.4105611228676696,0.8447147322372903,0.6808857693652252,0.9169554620614637
0.08091204762134074,0.0026101916028036243,0.0012876892731811251,-0.11705297586323637,0.28546869566026084,0.0020445129688004826,0.001212307954173819,-0.11720883145365923,0.2916940538455043,0.8449952155719985,0.6803243308725314,0.9175898792068947
0.28546869566026084,0.0020445129688004826,0.001212307954173819,-0.11720883145365923,0.40433576468242616,0.001764029634092279,0.0017737464468675634,-0.11784324859909023,0.2898644438572597,0.7105732145361873,0.3849194534131179,0.9156022872294336
0.40433576468242616,0.001764029634092279,0.0017737464468675634,-0.11784324859909023,0.40616537467067076,0.13618603066990354,0.2971786239062811,-0.11585565662162911,0.28981172413161543,0.7101169614736498,0.38490621103871564,0.4580277534090611
0.40616537467067076,0.13618603066990354,0.2971786239062811,-0.11585565662162911,0.406218094396315,0.13664228373244103,0.29719186628068334,0.3417188771987434,0.28980890782532065,0.7105353220900075,0.384852494387998,0.21145568170033827
0.406218094396315,0.13664228373244103,0.29719186628068334,0.3417188771987434,0.4062209107026098,0.13622392311608333,0.29724558293140096,0.5882909489074662,0.3188499292060646,0.7115695664818922,0.38488757716737454,0.12351868266552955
0.17766533746772384,0.02958839479503328,0.2831360713498433,0.7390441635426089,0.00685835487770281,0.029590355174118677,0.2778519253848435,0.7390200945468113,0.7443459584654327,0.7118072621848646,0.4923755050455461,0.12349572079051162
0.00685835487770281,0.029590355174118677,0.2778519253848435,0.7390200945468113,-0.07075189152826633,0.029471271849060066,0.27751878595820983,0.7389926231252103,0.7439343785083822,0.6051830015275178,0.5065682351385621,0.11079390602860407
-0.07075189152826633,0.029471271849060066,0.27751878595820983,0.7389926231252103,-0.07034031157121579,0.13609553250640682,0.26332605586519386,0.7516944378871179,0.7440636139893473,0.5584146159578733,0.6216847223477661,-0.0014020061891143406
-0.07034031157121579,0.13609553250640682,0.26332605586519386,0.7516944378871179,-0.07046954705218089,0.1828639180760513,0.1482095686559899,0.8638903501048363,0.7441612459233649,0.5599501343716746,0.7795616979385018,0.17848290407189907
-0.07046954705218089,0.1828639180760513,0.1482095686559899,0.8638903501048363,-0.07056717898619846,0.18132839966225,-0.009667406934745881,0.6840054398438229,0.7441154660880479,0.6285201796224426,0.7825907779524743,0.5638794787388159
-0.07056717898619846,0.18132839966225,-0.009667406934745881,0.6840054398438229,-0.07052139915088151,0.11275835441148208,-0.012696486948718388,0.298608865176906,0.74402121842552,0.7409707272797151,0.7778287879798931,0.8631646244317095
-0.07052139915088151,0.11275835441148208,-0.012696486948718388,0.298608865176906,-0.07042715148835366,0.0003078067542094942,-0.007934496976137129,-0.0006762805159875596,0.6735940669371664,0.7412785340339246,0.769894291003756,0.8624883439157219
-0.07042715148835366,0.0003078067542094942,-0.007934496976137129,-0.0006762805159875596,0.0,0.0,0.0,0.0,0.5181885860684573,0.7413847578555363,0.6238665699983567,0.8621900907347991
0.0,0.0,0.0,0.0,0.1554054808687091,-0.00010622382161162847,0.1460277210053993,0.00029825318092280284,0.3445758487878513,0.7412505839525536,0.5497833238379288,0.86279494272602
0.1554054808687091,-0.00010622382161162847,0.1460277210053993,0.00029825318092280284,0.3290182181493151,2.795008137101984e-05,0.22011096716582712,-0.00030659881029804215,0.2740176224636064,0.7378924911317268,0.514007214126842,0.8623194697295846
0.3290182181493151,2.795008137101984e-05,0.22011096716582712,-0.00030659881029804215,0.39957644447356,0.0033860429021977945,0.2558870768769139,0.0001688741861373133,0.27970989146335484,0.6345858873451458,0.40343431911181643,0.7888426626843376
0.39957644447356,0.0033860429021977945,0.2558870768769139,0.0001688741861373133,0.39388417547381155,0.10669264668877887,0.3664599718919395,0.07364568123138437,0.2796487549015325,0.6329641572636623,0.40369588852887883,0.39184925508999696
0.39388417547381155,0.10669264668877887,0.3664599718919395,0.07364568123138437,0.3939453120356339,0.10831437677026234,0.3661984024748771,0.47063908882572497,0.27947722907892136,0.7009946820064782,0.4038826684292134,0.12976016854640604
0.3939453120356339,0.10831437677026234,0.3661984024748771,0.47063908882572497,0.39411683785824503,0.04028385202744644,0.36601162257454256,0.7327281753693159,0.33670811246789806,0.7148672929085796,0.42026403792523326,0.12956700309157945
0.16591649995242186,-0.02475953675813347,-0.01807333345717499,0.8425951145295795,0.003515719807032691,-0.02474150326296265,-0.07518955607869604,0.8426360907332022,0.758169851799982,0.7145011784977511,0.7210885562569934,0.1296362538442726
0.003515719807032691,-0.02474150326296265,-0.07518955607869604,0.8426360907332022,-0.09508485425407032,-0.02509754074630688,-0.12275503516612285,0.8426344122391658,0.7697186448341398,0.7117523033700047,0.7212028905745553,0.12963339551551473
-0.09508485425407032,-0.02509754074630688,-0.12275503516612285,0.8426344122391658,-0.1066336472882281,-0.022348665618560526,-0.12286936948368476,0.8426372705679237,0.7698365489340018,0.6854641337849178,0.715679282250482,0.0486794626940466
-0.1066336472882281,-0.022348665618560526,-0.12286936948368476,0.8426372705679237,-0.10675155138809012,0.003939503966526425,-0.11734576115961148,0.9235912033893918,0.7694385950104415,0.6038165368892394,0.8086512634417382,0.04767500561365289
-0.10675155138809012,0.003939503966526425,-0.11734576115961148,0.9235912033893918,-0.10635359746452988,0.08558710086220478,-0.21031774235086764,0.9245956604697855,0.7696859400136701,0.6279095839831372,0.8535120799340752,0.4197741951368029
-0.10635359746452988,0.08558710086220478,-0.21031774235086764,0.9245956604697855,-0.10660094246775842,0.06149405376830697,-0.2551785588432046,0.5524964709466355,0.7696995834175185,0.6815680731397094,0.8176410853738368,0.8216149959272321
-0.10660094246775842,0.06149405376830697,-0.2551785588432046,0.5524964709466355,-0.10661458587160688,0.007835564611734847,-0.21930756428296627,0.1506556701562063,0.7664830738824299,0.689851409088506,0.5984076137654197,0.9726059516844963
-0.10661458587160688,0.007835564611734847,-0.21930756428296627,0.1506556701562063,-0.10339807633651821,-0.0004477713370617531,-7.409267454916435e-05,-0.0003352856010578886,0.6630849975459117,0.6894036377514442,0.5983335210908706,0.9722706660834384
-0.10339807633651821,-0.0004477713370617531,-7.409267454916435e-05,-0.0003352856010578886,0.0,0.0,0.0,0.0,0.4959129434051123,0.7033447209585897,0.5983275011983443,0.9722987048375361
0.0,0.0,0.0,0.0,0.16717205414079933,-0.013941083207145488,6.019892526243353e-06,-2.8038754097736707e-05,0.3085598082324432,0.7036774323439244,0.48740259702482125,0.9722870134642796
0.16717205414079933,-0.013941083207145488,6.019892526243353e-06,-2.8038754097736707e-05,0.35452518931346844,-0.014273794592480238,0.11093092406604932,-1.634738084121956e-05,0.2938668269697702,0.6185188792093782,0.2769301783869099,0.9533075879762187
0.35452518931346844,-0.014273794592480238,0.11093092406604932,-1.634738084121956e-05,0.3692181705761415,0.070884758542066,0.32140334270396065,0.018963078107219644,0.2936168429921519,0.6183684138178428,0.2769371680972928,0.5545092817352035
0.3692181705761415,0.070884758542066,0.32140334270396065,0.018963078107219644,0.36946815455375975,0.0710352239336014,0.32139635299357777,0.41776138434823484,0.2935479868244933,0.6185929489901688,0.2766036067008854,0.1710060778433146
0.36946815455375975,0.0710352239336014,0.32139635299357777,0.41776138434823484,0.36953701072141837,0.07081068876127539,0.32172991438998516,0.8012645882401238,0.3297862479901651,0.6184877674906765,0.2768907781727655,0.17064719140774237
0.04313678273838489,-0.015041373135497249,0.26270963198026176,0.2947769435896346,-0.009749805261841327,-0.014908432047398557,0.26274901997974337,0.29481568979294137,0.6802407959212697,0.8323973109243334,0.39710761898464003,0.5553254103891864
-0.009749805261841327,-0.014908432047398557,0.26274901997974337,0.29481568979294137,-0.13710897380445575,-0.014955914606193388,0.26268800744246706,0.29506098197282415,0.670392137058151,0.8324240835511939,0.397227083646147,0.5514562747627642
-0.13710897380445575,-0.014955914606193388,0.26268800744246706,0.29506098197282415,-0.12726031494133705,-0.014982687233053849,0.2625685427809601,0.29893011759924637,0.6706177843380857,0.7548289279367227,0.3971815646427275,0.19540595901320293
-0.12726031494133705,-0.014982687233053849,0.2625685427809601,0.29893011759924637,-0.12748596222127173,0.06261246838141732,0.26261406178437957,0.6549804333488076,0.6706695237336515,0.7022850365610906,0.48812427251007445,0.19516332160864702
-0.12748596222127173,0.06261246838141732,0.26261406178437957,0.6549804333488076,-0.12753770161683753,0.11515635975704941,0.17167135391703264,0.6552230707533635,0.6706550590868382,0.6214896461584913,0.5073098890388491,0.18199564694003548
-0.12753770161683753,0.11515635975704941,0.17167135391703264,0.6552230707533635,-0.1275232369700242,0.19595175015964872,0.152485737388258,0.6683907454219751,0.6706935163140285,0.5329604970867199,0.5185767608389868,0.10572141273490386
-0.1275232369700242,0.19595175015964872,0.152485737388258,0.6683907454219751,-0.12756169419721453,0.28448089923142017,0.14121886558812025,0.7446649796271066,0.6708058472410517,0.533701501342,0.693155570745126,0.3138303695426719
-0.12756169419721453,0.28448089923142017,0.14121886558812025,0.7446649796271066,-0.12767402512423776,0.28373989497614005,-0.03335994431801892,0.5365560228193387,0.670746736398338,0.6984276728638661,0.7019833871257916,0.6565426541860271
-0.12767402512423776,0.28373989497614005,-0.03335994431801892,0.5365560228193387,-0.12761491428152405,0.11901372345427397,-0.04218776069868446,0.19384373817598344,0.6626844439853653,0.8171284076659389,0.7023408325069986,0.8522301814177824
-0.12761491428152405,0.11901372345427397,-0.04218776069868446,0.19384373817598344,-0.11955262186855131,0.000312988652201196,-0.04254520607989154,-0.0018437890557718717,0.543131822116814,0.8174413963181401,0.6597956264271071,0.8503863923620105
-0.11955262186855131,0.000312988652201196,-0.04254520607989154,-0.0018437890557718717,0.0,0.0,0.0,0.0,0.34824567160857156,0.8172279327279225,0.6591138142642501,0.8515151783387657
0.0,0.0,0.0,0.0,0.19488615050824243,0.00021346359021756633,0.0006818121628570095,-0.0011287859767551423,0.29310830623378803,0.7829113276814949,0.3757798491977046,0.8520264841354872
0.19488615050824243,0.00021346359021756633,0.0006818121628570095,-0.0011287859767551423,0.25002351588302596,0.034530068636645206,0.2840157772294025,-0.0016400917734766818,0.293264547761213,0.779121571502153,0.36520703753382394,0.46732914676199594
0.25002351588302596,0.034530068636645206,0.2840157772294025,-0.0016400917734766818,0.24986727435560097,0.03831982481598706,0.29458858889328315,0.3830572456000146,0.3120293826674191,0.7793595423624983,0.3651564801999188,0.23716834094596698
-0.2012953011628999,-0.0061302761528003735,0.0424323981950282,-0.0491796805881442,-0.34220685293888276,-0.0083595044404009,-0.023153825760875435,-0.04898031394904642,0.7040411909119455,0.8276873148352675,0.5708393425759362,0.2371821175581133
-0.34220685293888276,-0.0083595044404009,-0.023153825760875435,-0.04898031394904642,-0.4091863723132557,-0.008348335569167364,-0.029175409300643995,-0.04907351665611798,0.6881442034198051,0.7933309583919225,0.5707688702172321,0.23714903427967984
-0.4091863723132557,-0.008348335569167364,-0.029175409300643995,-0.04907351665611798,-0.3932893848211153,0.02600802087417764,-0.02910493694193994,-0.04904043337768452,0.6882854665361942,0.7157648042912168,0.6640203164698907,0.12604835726948124
-0.3932893848211153,0.02600802087417764,-0.02910493694193994,-0.04904043337768452,-0.3934306479375044,0.1035741749748833,-0.12235638319459852,0.062060243632514084,0.6882711260847173,0.6439054251144316,0.7306012449376934,0.04404702454337755
-0.3934306479375044,0.1035741749748833,-0.12235638319459852,0.062060243632514084,-0.3934163074860275,0.1754335541516685,-0.18893731166240124,0.14406157635861777,0.6882293383457478,0.5396682659181977,0.831231446875177,0.0006684461149430767
-0.3934163074860275,0.1754335541516685,-0.18893731166240124,0.14406157635861777,-0.39337451974705806,0.2796707133479024,-0.28956751359988486,0.18744015478705225,0.6884070177855005,0.6692801746834923,0.8765660650506735,0.23185137999314306
-0.39337451974705806,0.2796707133479024,-0.28956751359988486,0.18744015478705225,-0.3935521991868107,0.15005880458260779,-0.3349021317753813,-0.04374277909114774,0.6883733896015589,0.8181276229546015,0.877250209652307,0.5198854453110917
-0.3935521991868107,0.15005880458260779,-0.3349021317753813,-0.04374277909114774,-0.39351857100286913,0.0012113563114986015,-0.3355862763770149,-0.3317768444090964,0.6878826852971855,0.8192839563584654,0.7399018357422847,0.8233055225880583
-0.39351857100286913,0.0012113563114986015,-0.3355862763770149,-0.3317768444090964,-0.39302786669849576,5.50229076347053e-05,-0.19823790246699258,-0.635196921686063,0.622197453452313,0.8194327231831284,0.6815819877207611,0.82339527370484
-0.39302786669849576,5.50229076347053e-05,-0.19823790246699258,-0.635196921686063,-0.32734263485362325,-9.374391702832163e-05,-0.1399180544454689,-0.6352866728028447,0.4774753557415704,0.8193954100075156,0.6814892661738664,0.8233240430424595
-0.32734263485362325,-9.374391702832163e-05,-0.1399180544454689,-0.6352866728028447,-0.18262053714288062,-5.643074141548077e-05,-0.13982533289857424,-0.6352154421404642,0.33206603357956105,0.819305068150521,0.5443657354133032,0.8233371071127984
-0.18262053714288062,-5.643074141548077e-05,-0.13982533289857424,-0.6352154421404642,-0.037211214980871266,3.391111557915494e-05,-0.002701802138011078,-0.6352285062108031,0.29485545245717665,0.8193910553385445,0.5416120311282574,0.5921125084393251
-0.037211214980871266,3.391111557915494e-05,-0.002701802138011078,-0.6352285062108031,-6.338584868648134e-07,-5.207607244439583e-05,5.190214703476581e-05,-0.40400390753732973,0.2948548185986898,0.8193389792661001,0.5416639332752922,0.18810860090199533
-6.338584868648134e-07,-5.207607244439583e-05,5.190214703476581e-05,-0.40400390753732973,0.0,0.0,0.0,0.0,0.33507688110387657,0.819406906673886,0.5416168964497774,0.1749495177798203
0.12634334619999438,-0.12241905928084118,0.04932399978246227,0.7759490637798326,-0.028705792412038966,-0.12235803527343214,0.0493608468782093,0.7759445155665158,0.7151136475614681,0.8193468863601344,0.5416720044914434,0.17498226626158997
-0.028705792412038966,-0.12235803527343214,0.0493608468782093,0.7759445155665158,-0.09168947033563679,-0.12258925018007993,0.04915885249484675,0.7758991013829513,0.6938257048249997,0.772898930206073,0.46594278323160543,0.17483077860897397
-0.09168947033563679,-0.12258925018007993,0.04915885249484675,0.7758991013829513,-0.0704015275991684,-0.07614129402601855,0.12488807375468469,0.7760505890355672,0.6938729312014297,0.5839558104705183,0.46495529213162146,0.17500066227003683
-0.0704015275991684,-0.07614129402601855,0.12488807375468469,0.7760505890355672,-0.07044875397559835,0.11280182570953623,0.12587556485466866,0.7758807053745044,0.6941214967050046,0.5438419316131846,0.5575867584303693,0.17253182003720358
-0.07044875397559835,0.11280182570953623,0.12587556485466866,0.7758807053745044,-0.07069731947917324,0.15291570456686987,0.03324409855592081,0.7783495476073377,0.6939995188653425,0.5438411612094849,0.692839724654364,0.3913775088102874
-0.07069731947917324,0.15291570456686987,0.03324409855592081,0.7783495476073377,-0.07057534163951118,0.1529164749705696,-0.10200886766807393,0.5595038588342538,0.6941798523698917,0.5407583838265068,0.6959246928633774,0.7361679448816534
-0.07057534163951118,0.1529164749705696,-0.10200886766807393,0.5595038588342538,-0.07075567514406034,0.15599925235354772,-0.10509383587708732,0.21471342276288785,0.6939480247941691,0.6970431170438507,0.6813284481352551,0.9518216301497806
-0.07075567514406034,0.15599925235354772,-0.10509383587708732,0.21471342276288785,-0.07052384756833774,-0.00028548086379620585,-0.09049759114896494,-0.0009402625052393754,0.6234241772258313,0.6967576361800545,0.5908308569862901,0.9508813676445412
-0.07052384756833774,-0.00028548086379620585,-0.09049759114896494,-0.0009402625052393754,0.0,0.0,0.0,0.0,0.49665189147273464,0.6975970116900638,0.46529348683529104,0.9510049446139588
0.0,0.0,0.0,0.0,0.12677228575309668,-0.0008393755100093436,0.12553737015099908,-0.00012357696941756036,0.3154099175888088,0.7208792469844187,0.4342628175318525,0.9515614926493929
0.12677228575309668,-0.0008393755100093436,0.12553737015099908,-0.00012357696941756036,0.3080142596370225,-0.024121610804364257,0.15656803945443765,-0.000680125004851706,0.2936980411029409,0.6860009680221206,0.34423384367503695,0.9510544981662685
0.3080142596370225,-0.024121610804364257,0.15656803945443765,-0.000680125004851706,0.3297261361228904,0.010756668157933857,0.24659701331125317,-0.00017313052172729382,0.2938027792251147,0.6491770993142787,0.3444647917617989,0.6468127787003493
0.3297261361228904,0.010756668157933857,0.24659701331125317,-0.00017313052172729382,0.3296213980007166,0.04758053686577579,0.24636606522449123,0.304068588944192,0.29374608625596865,0.6499133676645802,0.34430883449873445,0.22023475584440425
0.3296213980007166,0.04758053686577579,0.24636606522449123,0.304068588944192,0.32967809096986267,0.0468442685154743,0.24652202248755567,0.730646611800137,0.33378009737020675,0.6498756423307208,0.34429424362576344,0.16893829249343956
0.14645219935211046,0.13721022302356445,0.2459750955830446,0.6812485291957738,0.02535854599114007,0.1351921491015997,0.20129364161527075,0.7396748395835544,0.7083335661299289,0.6530950150553445,0.5055267975847632,0.11067761178619585
0.02535854599114007,0.1351921491015997,0.20129364161527075,0.7396748395835544,-0.06448009727812165,0.13522340458086846,0.16261784254597333,0.7396576709271323,0.713171237136762,0.6526461442419806,0.5612598393970184,0.11072940863190472
-0.06448009727812165,0.13522340458086846,0.16261784254597333,0.7396576709271323,-0.06931776828495473,0.13567227539423232,0.10688480073371809,0.7396058740814234,0.7131731020141614,0.6047870628863772,0.5621486585718382,0.10328678179210889
-0.06931776828495473,0.13567227539423232,0.10688480073371809,0.7396058740814234,-0.06931963316235412,0.18353135674983578,0.10599598155889833,0.7470485009212192,0.7130558090571846,0.5848859167100633,0.7405359648872294,0.034281452046285514
-0.06931963316235412,0.18353135674983578,0.10599598155889833,0.7470485009212192,-0.0692023402053773,0.20343250292614967,-0.0723913247564929,0.8160538306670426,0.7130963249479974,0.6047541269992175,0.818278518238409,0.3562445812378046
-0.0692023402053773,0.20343250292614967,-0.0723913247564929,0.8160538306670426,-0.06924285609619008,0.18356429263699547,-0.15013387810767254,0.49409070147552353,0.7131296249846,0.6879067706673895,0.8201264003095221,0.7234012067415279
-0.06924285609619008,0.18356429263699547,-0.15013387810767254,0.49409070147552353,-0.0692761561327927,0.10041164896882349,-0.15198176017878562,0.1269340759718003,0.7109445054072733,0.6876802146038548,0.6687631338703866,0.8499660834234635
-0.0692761561327927,0.10041164896882349,-0.15198176017878562,0.1269340759718003,-0.067091036555466,0.10063820503235821,-0.0006184937396500612,0.00036919928986467454,0.6438534688518073,0.788318419636213,0.6681446401307365,0.8503352827133281
-0.067091036555466,0.10063820503235821,-0.0006184937396500612,0.00036919928986467454,0.0,0.0,0.0,0.0,0.5272135914931784,0.8201838421135556,0.6605505678561645,0.8500800336390257
0.0,0.0,0.0,0.0,0.11663987735862891,-0.031865422477342586,0.0075940722745719835,0.0002552490743024105,0.34239986845812126,0.8201460908817075,0.6005349588462087,0.8505884633935482
0.11663987735862891,-0.031865422477342586,0.0075940722745719835,0.0002552490743024105,0.301453600393686,-0.03182767124549457,0.06760968128452782,-0.00025318068022006646,0.3002632440537936,0.8090895178074676,0.446817653545142,0.851389273597805
0.301453600393686,-0.03182767124549457,0.06760968128452782,-0.00025318068022006646,0.34359022479801365,-0.020771098171254665,0.22132698658559447,-0.0010539908844768853,0.30010656071379793,0.8035777118190095,0.3658686472212512,0.6212799470020007
0.34359022479801365,-0.020771098171254665,0.22132698658559447,-0.0010539908844768853,0.34374690813800934,-0.015259292182796536,0.3022759929094853,0.2290553357113274,0.2999816308149776,0.804132735578308,0.36576537270942044,0.27559022292113283
0.34374690813800934,-0.015259292182796536,0.3022759929094853,0.2290553357113274,0.3438718380368297,-0.015814315942095036,0.30237926742131604,0.5747450597921953,0.3419933961635327,0.803926655921722,0.3657530156931771,0.27560427160862844
0.11682239164136121,-0.06236532472673073,0.2722830831855866,0.2579501189337787,0.06207902084221506,-0.06226911546473601,0.27232622852242083,0.25799049529239315,0.6923097149428071,0.8323572400557849,0.39711344456948877,0.5556379827755425
0.06207902084221506,-0.06226911546473601,0.27232622852242083,0.25799049529239315,-0.07549235897301776,-0.06224071647114038,0.27226040026676285,0.25792310071151314,0.6930299946585918,0.768945207277289,0.3972611005442617,0.5546736527806592
-0.07549235897301776,-0.06224071647114038,0.27226040026676285,0.25792310071151314,-0.07621263868880246,0.0011713163073555632,0.2721127442919899,0.2588874307063965,0.6929914773030444,0.7598378064703374,0.5313549646215202,0.19499422220681029
-0.07621263868880246,0.0011713163073555632,0.2721127442919899,0.2588874307063965,-0.07617412133325507,0.010278717114307168,0.1380188802147314,0.6185668612802454,0.6929171036755531,0.5657251540665681,0.554184182227932,0.09653556994968848
-0.07617412133325507,0.010278717114307168,0.1380188802147314,0.6185668612802454,-0.07609974770576378,0.20439136951807646,0.11518966260831964,0.7170255135373672,0.692964130622707,0.5626364479895144,0.7574986888688278,0.09606260047830606
-0.07609974770576378,0.20439136951807646,0.11518966260831964,0.7170255135373672,-0.07614677465291764,0.20748007559513015,-0.08812484403257614,0.7174984830087496,0.6929976450295795,0.5784968031657041,0.7840341983635233,0.5426840212043891
-0.07614677465291764,0.20748007559513015,-0.08812484403257614,0.7174984830087496,-0.07618028905979013,0.1916197204189405,-0.11466035352727166,0.2708770622826666,0.6929895348282739,0.7711050481607777,0.7895172118908458,0.8029979499227804
-0.07618028905979013,0.1916197204189405,-0.11466035352727166,0.2708770622826666,-0.07617217885848448,-0.0009885245761331873,-0.12014336705459416,0.010563133564275295,0.6168173559697894,0.7701165235846446,0.6693738448362516,0.8135610834870557
-0.07617217885848448,-0.0009885245761331873,-0.12014336705459416,0.010563133564275295,0.0,0.0,0.0,0.0,0.4263918801045398,0.7700264294994807,0.5998843458605764,0.8727831168581431
0.0,0.0,0.0,0.0,0.19042547586524955,9.009408516380546e-05,0.06948949897567525,-0.059222033371087446,0.3027042722380682,0.7607291085366485,0.336845479288014,0.8735346715920647
0.19042547586524955,9.009408516380546e-05,0.06948949897567525,-0.059222033371087446,0.3141130837317212,0.009387415047996006,0.3325283655482376,-0.05997358810500897,0.2858953267444182,0.665069933828707,0.3072610264907104,0.8733348072944322
0.3141130837317212,0.009387415047996006,0.3325283655482376,-0.05997358810500897,0.3309220292253712,0.1050465897559375,0.3621128183455412,-0.059773723807376555,0.2862269561811041,0.6595085534056226,0.30706469235892647,0.5495353031885752
0.3309220292253712,0.1050465897559375,0.3621128183455412,-0.059773723807376555,0.33059039978868526,0.11060797017902191,0.36230915247732515,0.26402578029848045,0.2861433042901967,0.659298933494666,0.30711484364156016,0.34989848270076074
0.33059039978868526,0.11060797017902191,0.36230915247732515,0.26402578029848045,0.3306740516795927,0.1108175900899786,0.36225900119469145,0.46366260078629495,0.34581657202954585,0.6596117680118853,0.31508052721012,0.3499590492937179
0.09461121287649155,-0.021356487228355814,-0.06695880175373892,0.6755888791505333,-0.07931132579864109,-0.022438015588145066,-0.144646126205268,0.7664228116762482,0.7162814682636144,0.7064539692313268,0.5668769655336903,0.21119308817878474
-0.07931132579864109,-0.022438015588145066,-0.144646126205268,0.7664228116762482,-0.12446808763389272,-0.02239903481439265,-0.14482073258334377,0.7663938052211707,0.7155118187351501,0.6710681682735106,0.5668606506444139,0.21119403536457235
-0.12446808763389272,-0.02239903481439265,-0.14482073258334377,0.7663938052211707,-0.12369843810542847,0.012986766143423534,-0.14480441769406743,0.7663928580353832,0.7155608485560644,0.6244227961838034,0.587811217231297,0.2104205148272783
-0.12369843810542847,0.012986766143423534,-0.14480441769406743,0.7663928580353832,-0.12374746792634272,0.05963213823313074,-0.16575498428095053,0.7671663785726772,0.7157344558646569,0.5935163760832785,0.68976370217383,0.24040638769327327
-0.12374746792634272,0.05963213823313074,-0.16575498428095053,0.7671663785726772,-0.12392107523493523,0.09053855833365565,-0.2677074692234835,0.7371805057066823,0.7157054271767267,0.591887188769368,0.6939486186792841,0.690972225075091
-0.12392107523493523,0.09053855833365565,-0.2677074692234835,0.7371805057066823,-0.12389204654700503,0.09216774564756613,-0.27189238572893765,0.2866146683248645,0.7115716238150849,0.6425461241965078,0.6952287302696601,0.9778995148751775
-0.12389204654700503,0.09216774564756613,-0.27189238572893765,0.2866146683248645,-0.11975824318536321,0.041508810220426295,-0.27317249731931365,-0.0003126214752219303,0.5918133806297217,0.6840549344169341,0.4220562329503465,0.9775868933999555
-0.11975824318536321,0.041508810220426295,-0.27317249731931365,-0.0003126214752219303,0.0,0.0,0.0,0.0,0.3706342888250368,0.6880313880925482,0.3079532710464762,0.9776823536934701
0.0,0.0,0.0,0.0,0.22117909180468487,-0.003976453675614056,0.11410296190387031,-9.546029351459318e-05,0.2778015217599265,0.6881733312710026,0.30360188020562895,0.9779890283283104
0.22117909180468487,-0.003976453675614056,0.11410296190387031,-9.546029351459318e-05,0.31401185886979516,-0.004118396854068451,0.11845435274471755,-0.0004021349283548359,0.27752707042087665,0.545712649041362,0.2600903991199238,0.9751550768959685
0.31401185886979516,-0.004118396854068451,0.11845435274471755,-0.0004021349283548359,0.314286310208845,0.13834228537557214,0.16196583383042268,0.00243181650398705,0.28200812181599033,0.5458431704468878,0.19806605064072363,0.9768311433293143
0.314286310208845,0.13834228537557214,0.16196583383042268,0.00243181650398705,0.30980525881373133,0.1382117639700463,0.22399018230962287,0.0007557500706412146,0.2821524078742107,0.5456207722311415,0.1168614495191745,0.8148934719736391
0.30980525881373133,0.1382117639700463,0.22399018230962287,0.0007557500706412146,0.30966097275551097,0.13843416218579263,0.305194783431172,0.16269342142631638,0.2821932106392327,0.5458203408342837,0.11684323110725814,0.36837752605348384
0.30966097275551097,0.13843416218579263,0.305194783431172,0.16269342142631638,0.30962016999048897,0.13823459358265044,0.30521300184308836,0.6092093673464717,0.3268894336450939,0.5458298402539266,0.11682366989315657,0.36835958157919085
0.17163506443267512,0.16976958980541124,0.1525425925915135,0.5669473458279093,0.012691240409599014,0.16940317781833214,0.09801734899639175,0.6128572248014332,0.7335373154752485,0.5953951569169522,0.4331098346111976,0.3080754297683442
0.012691240409599014,0.16940317781833214,0.09801734899639175,0.6128572248014332,-0.06365909243459966,0.16883583713115913,-0.03977543961330482,0.6130584974417206,0.7334681254844014,0.5961604864355569,0.48900244173279817,0.3074436427939304
-0.06365909243459966,0.16883583713115913,-0.03977543961330482,0.6130584974417206,-0.06358990244375262,0.1680705076125545,-0.09566804673490537,0.6136902844161345,0.7337489061237351,0.5673737373909417,0.5392680344905785,0.3061640039695288
-0.06358990244375262,0.1680705076125545,-0.09566804673490537,0.6136902844161345,-0.0638706830830863,0.1968572566571697,-0.14593363949268567,0.614969923240536,0.7337147412791118,0.5676237007499381,0.6536949018471222,0.35193579611407017
-0.0638706830830863,0.1968572566571697,-0.14593363949268567,0.614969923240536,-0.06383651823846304,0.19660729329817328,-0.2603605068492294,0.5691981310959946,0.7334837622621273,0.5931577208173664,0.6742968758850485,0.8321412473092721
-0.06383651823846304,0.19660729329817328,-0.2603605068492294,0.5691981310959946,-0.06360553922147849,0.17107327323074495,-0.2809624808871557,0.08899267990079274,0.733531113673265,0.7643072706830305,0.6741706499829292,0.9216804891562923
-0.06360553922147849,0.17107327323074495,-0.2809624808871557,0.08899267990079274,-0.06365289063261614,-7.627663491915904e-05,-0.2808362549850364,-0.0005465619462274862,0.6698782230406488,0.7642309940481113,0.3933343949978928,0.9211339272100648
-0.06365289063261614,-7.627663491915904e-05,-0.2808362549850364,-0.0005465619462274862,0.0,0.0,0.0,0.0,0.5042703513757706,0.7639658237623836,0.2841896528314701,0.9217081913871409
0.0,0.0,0.0,0.0,0.16560787166487823,0.0002651702857277005,0.10914474216642273,-0.000574264177076067,0.3097152610864223,0.7641075354160186,0.2803899286029795,0.9220250367402405
0.16560787166487823,0.0002651702857277005,0.10914474216642273,-0.000574264177076067,0.36016296195422653,0.00012345863209273222,0.11294446639491329,-0.0008911095301756822,0.27581714577639993,0.7639113800506053,0.28034175687558505,0.9220620567271234
0.36016296195422653,0.00012345863209273222,0.11294446639491329,-0.0008911095301756822,0.3940610772642489,0.0003196139975060186,0.11299263812230775,-0.0009281295170585624,0.2803082103153509,0.6529184602149148,0.28033920715295296,0.9218164646409149
0.3940610772642489,0.0003196139975060186,0.11299263812230775,-0.0009281295170585624,0.3895700127252979,0.1113125338331965,0.11299518784493984,-0.0006825374308501164,0.2799857819077573,0.6519978902569137,0.198608410294215,0.7248511170271428
0.3895700127252979,0.1113125338331965,0.11299518784493984,-0.0006825374308501164,0.3898924411328915,0.11223310379119766,0.1947259847036778,0.19628281018292204,0.27995129324223084,0.6522342822102399,0.2577061414334756,0.30004028979495795
0.3898924411328915,0.11223310379119766,0.1947259847036778,0.19628281018292204,0.389926929798418,0.11199671183787141,0.1356282535644172,0.6210936374151068,0.31650798796375335,0.6520990148924988,0.25771613288217865,0.27495755955252416
0.13689722644188962,-0.04186073073242602,0.21924548826330448,0.3664986583629114,0.09403958531693724,-0.04163450070143926,0.21951753243385674,0.3668373968767109,0.6792205008144839,0.832327072669826,0.3970616010127835,0.5555958092632737
0.09403958531693724,-0.04163450070143926,0.21951753243385674,0.3668373968767109,-0.042352793337079864,-0.04156921948931436,0.219523566603745,0.3668279761205213,0.6998280178986527,0.7162779679449999,0.39698355918041356,0.5168618236529801
-0.042352793337079864,-0.04156921948931436,0.219523566603745,0.3668279761205213,-0.06296031042124861,0.07447988523551174,0.21960160843611493,0.40556196173081493,0.7000025374811693,0.6496359322380619,0.3971191074711184,0.1829549512767014
-0.06296031042124861,0.07447988523551174,0.21960160843611493,0.40556196173081493,-0.06313483000376519,0.14112192094244969,0.2194660601454101,0.7394688341070936,0.6999276294388646,0.5911340666702719,0.5466122661961864,0.1814613117342058
-0.06313483000376519,0.14112192094244969,0.2194660601454101,0.7394688341070936,-0.06305992196146049,0.1996237865102397,0.06997290142034207,0.7409624736495892,0.7001819807604915,0.5580148973117957,0.6134747611732415,0.4001625408011714
-0.06305992196146049,0.1996237865102397,0.06997290142034207,0.7409624736495892,-0.06331427328308747,0.23274295586871596,0.0031104064432869727,0.5222612445826236,0.699976328897492,0.6187778645903299,0.6167957753461626,0.7228450212045886
-0.06331427328308747,0.23274295586871596,0.0031104064432869727,0.5222612445826236,-0.06310862142008788,0.1719799885901817,-0.00021060772963410468,0.1995787641792064,0.6999127490762141,0.790939777312275,0.6155162680266981,0.920641904554927
-0.06310862142008788,0.1719799885901817,-0.00021060772963410468,0.1995787641792064,-0.06304504159881008,-0.00018192413176343347,0.0010688995898303633,0.0017818808288679877,0.6368677074774041,0.7907578531805116,0.6165851676165285,0.922423785383795
-0.06304504159881008,-0.00018192413176343347,0.0010688995898303633,0.0017818808288679877,0.0,0.0,0.0,0.0,0.4688785703807746,0.7904757527747751,0.6164575475756519,0.9222519871209729
0.0,0.0,0.0,0.0,0.1679891370966295,0.0002821004057365073,0.00012762004087663037,0.0001717982628220982,0.3144956427293022,0.7905943131198587,0.6014539268373713,0.9223442361799276
0.1679891370966295,0.0002821004057365073,0.00012762004087663037,0.0001717982628220982,0.32237206474810187,0.00016354006065288917,0.015131240779157173,7.954920386743503e-05,0.2978734589062877,0.7604484993232943,0.3055451181929052,0.9228714526578559
0.32237206474810187,0.00016354006065288917,0.015131240779157173,7.954920386743503e-05,0.3389942485711164,0.030309353857217336,0.3110400494236233,-0.00044766727406087004,0.2959039111288782,0.7516575358020512,0.2766103380921604,0.5815416017811847
0.3389942485711164,0.030309353857217336,0.3110400494236233,-0.00044766727406087004,0.34096379634852586,0.039100317378460425,0.3399748295243681,0.34088218360261024,0.2970126336038654,0.7514692896150327,0.276682429504303,0.3046110571757615
0.34096379634852586,0.039100317378460425,0.3399748295243681,0.34088218360261024,0.3398550738735387,0.03928856356547894,0.3399027381122255,0.6178127282080335,0.36636469752554535,0.7517505249908459,0.4068656824671517,0.3045559712306635
0.18994208642969224,0.09493558380340072,0.02978036874506451,0.6704384763777029,0.07459573609036318,0.09485518851380492,-0.020004302261347195,0.6704723866471303,0.7122051511221753,0.751898875795096,0.7022032979689911,0.12930551553408154
0.07459573609036318,0.09485518851380492,-0.020004302261347195,0.6704723866471303,-0.024552102040630408,0.09486036941099485,-0.02010522064959208,0.670441115073723,0.7120685335963204,0.6957347181753343,0.6916152625214524,-0.0006523601872318939
-0.024552102040630408,0.09486036941099485,-0.02010522064959208,0.670441115073723,-0.024415484514775487,0.15102452703075653,-0.009517185202053469,0.8003989907950364,0.7119968245817164,0.573401419299609,0.6254050027007814,0.0005626941770946184
-0.024415484514775487,0.15102452703075653,-0.009517185202053469,0.8003989907950364,-0.024343775500171527,0.27335782590648183,0.05669307461861761,0.7991839364307098,0.7141919247932981,0.5587858566632888,0.7873689577085662,0.0639075687150639
-0.024343775500171527,0.27335782590648183,0.05669307461861761,0.7991839364307098,-0.026538875711753174,0.28797338854280197,-0.10527088038916721,0.7358390618927406,0.7140279051413526,0.5920424808998055,0.8162735785918527,0.49701420515609623
-0.026538875711753174,0.28797338854280197,-0.10527088038916721,0.7358390618927406,-0.026374856059807716,0.2547167643062853,-0.1341755012724537,0.30273242545170825,0.7139383476961878,0.7701804417081136,0.8178797295895426,0.793268371458889
-0.026374856059807716,0.2547167643062853,-0.1341755012724537,0.30273242545170825,-0.026285298614642905,0.07657880349797719,-0.1357816522701436,0.006478259148915533,0.6876530490815449,0.8467592452060908,0.682098077319399,0.7997466306078045
-0.026285298614642905,0.07657880349797719,-0.1357816522701436,0.006478259148915533,0.0,0.0,0.0,0.0,0.610198544671988,0.8441490536032872,0.6808103880462179,0.9167996064710409
0.0,0.0,0.0,0.0,0.07745450440955692,0.0026101916028036243,0.0012876892731811251,-0.11705297586323637,0.4105611228676696,0.8447147322372903,0.6808857693652252,0.9169554620614637
0.07745450440955692,0.0026101916028036243,0.0012876892731811251,-0.11705297586323637,0.2770919262138753,0.0020445129688004826,0.001212307954173819,-0.11720883145365923,0.2916940538455043,0.8449952155719985,0.6803243308725314,0.9175898792068947
0.2770919262138753,0.0020445129688004826,0.001212307954173819,-0.11720883145365923,0.3959589952360406,0.001764029634092279,0.0017737464468675634,-0.11784324859909023,0.2898644438572597,0.7105732145361873,0.3849194534131179,0.9156022872294336
0.3959589952360406,0.001764029634092279,0.0017737464468675634,-0.11784324859909023,0.3977886052242852,0.13618603066990354,0.2971786239062811,-0.11585565662162911,0.28981172413161543,0.7101169614736498,0.38490621103871564,0.4580277534090611
0.3977886052242852,0.13618603066990354,0.2971786239062811,-0.11585565662162911,0.39784132494992946,0.13664228373244103,0.29719186628068334,0.3417188771987434,0.28980890782532065,0.7105353220900075,0.384852494387998,0.21145568170033827
0.39784132494992946,0.13664228373244103,0.29719186628068334,0.3417188771987434,0.39784414125622425,0.13622392311608333,0.29724558293140096,0.5882909489074662,0.3188499292060646,0.7115695664818922,0.38488757716737454,0.12351868266552955
0.17024729521826898,0.02958839479503328,0.2831360713498433,0.7390441635426089,0.006565282843951192,0.029590355174118677,0.2778519253848435,0.7390200945468113,0.7339045379989382,0.7118072621848646,0.4923755050455461,0.12349572079051162
0.006565282843951192,0.029590355174118677,0.2778519253848435,0.7390200945468113,-0.06772851331122665,0.029471271849060066,0.27751878595820983,0.7389926231252103,0.7335105457254087,0.6051830015275178,0.5065682351385621,0.11079390602860407
-0.06772851331122665,0.029471271849060066,0.27751878595820983,0.7389926231252103,-0.06733452103769721,0.13609553250640682,0.26332605586519386,0.7516944378871179,0.7336342587004793,0.5584146159578733,0.6216847223477661,-0.0014020061891143406
-0.06733452103769721,0.13609553250640682,0.26332605586519386,0.7516944378871179,-0.06745823401276774,0.1828639180760513,0.1482095686559899,0.8638903501048363,0.7337277186151173,0.5599501343716746,0.7795616979385018,0.17848290407189907
-0.06745823401276774,0.1828639180760513,0.1482095686559899,0.8638903501048363,-0.06755169392740579,0.18132839966225,-0.009667406934745881,0.6840054398438229,0.7336838950491508,0.6285201796224426,0.7825907779524743,0.5638794787388159
-0.06755169392740579,0.18132839966225,-0.009667406934745881,0.6840054398438229,-0.06750787036143924,0.11275835441148208,-0.012696486948718388,0.298608865176906,0.7335936747889118,0.7409707272797151,0.7778287879798931,0.8631646244317095
-0.06750787036143924,0.11275835441148208,-0.012696486948718388,0.298608865176906,-0.06741765010120027,0.0003078067542094942,-0.007934496976137129,-0.0006762805159875596,0.6661760246877115,0.7412785340339246,0.769894291003756,0.8624883439157219
-0.06741765010120027,0.0003078067542094942,-0.007934496976137129,-0.0006762805159875596,0.0,0.0,0.0,0.0,0.5174113492521586,0.7413847578555363,0.6238665699983567,0.8621900907347991
0.0,0.0,0.0,0.0,0.14876467543555294,-0.00010622382161162847,0.1460277210053993,0.00029825318092280284,0.3445758487878513,0.7412505839525536,0.5497833238379288,0.86279494272602
0.14876467543555294,-0.00010622382161162847,0.1460277210053993,0.00029825318092280284,0.32160017589986023,2.795008137101984e-05,0.22011096716582712,-0.00030659881029804215,0.2740176224636064,0.7378924911317268,0.514007214126842,0.8623194697295846
0.32160017589986023,2.795008137101984e-05,0.22011096716582712,-0.00030659881029804215,0.39215840222410514,0.0033860429021977945,0.2558870768769139,0.0001688741861373133,0.27970989146335484,0.6345858873451458,0.40343431911181643,0.7888426626843376
0.39215840222410514,0.0033860429021977945,0.2558870768769139,0.0001688741861373133,0.3864661332243567,0.10669264668877887,0.3664599718919395,0.07364568123138437,0.2796487549015325,0.6329641572636623,0.40369588852887883,0.39184925508999696
0.3864661332243567,0.10669264668877887,0.3664599718919395,0.07364568123138437,0.386527269786179,0.10831437677026234,0.3661984024748771,0.47063908882572497,0.27947722907892136,0.7009946820064782,0.4038826684292134,0.12976016854640604
0.386527269786179,0.10831437677026234,0.3661984024748771,0.47063908882572497,0.38669879560879017,0.04028385202744644,0.36601162257454256,0.7327281753693159,0.33670811246789806,0.7148672929085796,0.42026403792523326,0.12956700309157945
0.15894753250213567,-0.02475953675813347,-0.01807333345717499,0.8425951145295795,0.0033654856514192533,-0.02474150326296265,-0.07518955607869604,0.8426360907332022,0.7471377070845725,0.7145011784977511,0.7210885562569934,0.1296362538442726
0.0033654856514192533,-0.02474150326296265,-0.07518955607869604,0.8426360907332022,-0.09102167698894703,-0.02509754074630688,-0.12275503516612285,0.8426344122391658,0.7581929957255846,0.7117523033700047,0.7212028905745553,0.12963339551551473
-0.09102167698894703,-0.02509754074630688,-0.12275503516612285,0.8426344122391658,-0.10207696562995916,-0.022348665618560526,-0.12286936948368476,0.8426372705679237,0.7583058615334726,0.6854641337849178,0.715679282250482,0.0486794626940466
-0.10207696562995916,-0.022348665618560526,-0.12286936948368476,0.8426372705679237,-0.1021898314378471,0.003939503966526425,-0.11734576115961148,0.9235912033893918,0.7579249130241548,0.6038165368892394,0.8086512634417382,0.04767500561365289
-0.1021898314378471,0.003939503966526425,-0.11734576115961148,0.9235912033893918,-0.1018088829285293,0.08558710086220478,-0.21031774235086764,0.9245956604697855,0.7581616884513805,0.6279095839831372,0.8535120799340752,0.4197741951368029
-0.1018088829285293,0.08558710086220478,-0.21031774235086764,0.9245956604697855,-0.10204565835575508,0.06149405376830697,-0.2551785588432046,0.5524964709466355,0.7581747488436782,0.6815680731397094,0.8176410853738368,0.8216149959272321
-0.10204565835575508,0.06149405376830697,-0.2551785588432046,0.5524964709466355,-0.10205871874805272,0.007835564611734847,-0.21930756428296627,0.1506556701562063,0.7550956875753883,0.689851409088506,0.5984076137654197,0.9726059516844963
-0.10205871874805272,0.007835564611734847,-0.21930756428296627,0.1506556701562063,-0.09897965747976278,-0.0004477713370617531,-7.409267454916435e-05,-0.0003352856010578886,0.6561160300956255,0.6894036377514442,0.5983335210908706,0.9722706660834384
-0.09897965747976278,-0.0004477713370617531,-7.409267454916435e-05,-0.0003352856010578886,0.0,0.0,0.0,0.0,0.4959129434051123,0.7033447209585897,0.5983275011983443,0.9722987048375361
0.0,0.0,0.0,0.0,0.16020308669051314,-0.013941083207145488,6.019892526243353e-06,-2.8038754097736707e-05,0.3085598082324432,0.7036774323439244,0.48740259702482125,0.9722870134642796
0.16020308669051314,-0.013941083207145488,6.019892526243353e-06,-2.8038754097736707e-05,0.34755622186318225,-0.014273794592480238,0.11093092406604932,-1.634738084121956e-05,0.2938668269697702,0.6185188792093782,0.2769301783869099,0.9533075879762187
0.34755622186318225,-0.014273794592480238,0.11093092406604932,-1.634738084121956e-05,0.3622492031258553,0.070884758542066,0.32140334270396065,0.018963078107219644,0.2936168429921519,0.6183684138178428,0.2769371680972928,0.5545092817352035
0.3622492031258553,0.070884758542066,0.32140334270396065,0.018963078107219644,0.36249918710347356,0.0710352239336014,0.32139635299357777,0.41776138434823484,0.2935479868244933,0.6185929489901688,0.2766036067008854,0.1710060778433146
0.36249918710347356,0.0710352239336014,0.32139635299357777,0.41776138434823484,0.3625680432711322,0.07081068876127539,0.32172991438998516,0.8012645882401238,0.3297862479901651,0.6184877674906765,0.2768907781727655,0.17064719140774237
0.09690932733277802,-0.06882301699720905,0.19486164611331735,0.35281938705856686,0.04288717845366796,-0.06875052786052427,0.19491541789229883,0.3528687572888145,0.7071153381986226,0.8323557872089917,0.3970493041505461,0.5555709958698843
0.04288717845366796,-0.06875052786052427,0.19491541789229883,0.3528687572888145,-0.1102114947016628,-0.06871591310542757,0.1949317393425149,0.35288551699794446,0.7413768841687282,0.726883353733743,0.3415281799223711,0.5232687570184744
-0.1102114947016628,-0.06871591310542757,0.1949317393425149,0.35288551699794446,-0.14447304067176836,0.03675652036982113,0.2504528635706899,0.3851877558493544,0.740662292655523,0.6402256340796277,0.47261205702120235,0.2211494273843591
-0.14447304067176836,0.03675652036982113,0.2504528635706899,0.3851877558493544,-0.14375844915856317,0.12341424002393642,0.11936898647185867,0.6873070854834697,0.7406480233132132,0.5912123666336863,0.6664996555499758,0.03292410322788251
-0.14375844915856317,0.12341424002393642,0.11936898647185867,0.6873070854834697,-0.14374417981625343,0.1724275074698779,-0.07451861205691479,0.8755324096399463,0.7409239591747474,0.5858961070661626,0.7925282445488722,0.09128658692579215
-0.14374417981625343,0.1724275074698779,-0.07451861205691479,0.8755324096399463,-0.1440201156777876,0.17774376703740158,-0.20054720105581114,0.8171699259420366,0.7406929279733798,0.5850929239710958,0.756347380436713,0.4626711732794462
-0.1440201156777876,0.17774376703740158,-0.20054720105581114,0.8171699259420366,-0.14378908447642003,0.17854695013246835,-0.164366336943652,0.4457853395883826,0.7407602303879244,0.6597069946889245,0.6489994940226298,0.7623082124579779
-0.14378908447642003,0.17854695013246835,-0.164366336943652,0.4457853395883826,-0.14385638689096458,0.10393287941463969,-0.057018450529568776,0.14614830040985094,0.7282113310687336,0.7633586789267175,0.6279416901269911,0.907985873114449
-0.14385638689096458,0.10393287941463969,-0.057018450529568776,0.14614830040985094,-0.1313074875717738,0.0002811951768466603,-0.03596064663393006,0.0004706397533797979,0.5969038434969598,0.7636398741035642,0.591981043493061,0.9084565128678288
-0.1313074875717738,0.0002811951768466603,-0.03596064663393006,0.0004706397533797979,0.0,0.0,0.0,0.0,0.43013298671129396,0.7637857897058841,0.42542093143785525,0.9079743790211604
0.0,0.0,0.0,0.0,0.16677085678566583,-0.00014591560231991263,0.16656011205520577,0.00048213384666839776,0.3133865092905739,0.7636382367214571,0.42152383480155614,0.9085855837040466
0.16677085678566583,-0.00014591560231991263,0.16656011205520577,0.00048213384666839776,0.2835173342063859,1.6373821070114758e-06,0.17045720869150488,-0.0001290708362178261,0.2982150552299129,0.7636381800712708,0.42169889217955075,0.5812961678650772
0.2835173342063859,1.6373821070114758e-06,0.17045720869150488,-0.0001290708362178261,0.2986887882670469,1.6940322933312046e-06,0.17028215131351027,0.3271603450027516,0.2978316030530399,0.7638913110321268,0.4216604389219971,0.2303413017414802
0.2986887882670469,1.6940322933312046e-06,0.17028215131351027,0.3271603450027516,0.2990722404439199,-0.000251436928562665,0.1703206045710639,0.6781152111263486,0.34630218070820284,0.7636472890382764,0.4216559334409316,0.23036795400813737
0.08507210995273173,0.05332480676540097,0.2572699948348952,0.575786423432837,-0.0907405313584091,0.05332896558197053,0.2572263695120224,0.5757629634867711,0.7511239574544136,0.7636817909782091,0.42164815522855625,0.14599423256814623
-0.0907405313584091,0.05332896558197053,0.2572263695120224,0.5757629634867711,-0.16928652946927447,0.0532363443642363,0.25716823344155015,0.6601258714961064,0.7515226169179363,0.6651747368104992,0.46968267571042827,0.13964797580877758
-0.16928652946927447,0.0532363443642363,0.25716823344155015,0.6601258714961064,-0.16968518893279716,0.15174339853194618,0.20913371295967814,0.6664721282554751,0.7610524157446373,0.6642251671226762,0.5473759267150214,0.08346863337632285
-0.16968518893279716,0.15174339853194618,0.20913371295967814,0.6664721282554751,-0.17921498775949818,0.1526929682197692,0.13144046195508496,0.7226514706879298,0.7596725305790915,0.5559762946066532,0.5478091844347325,0.029710839530304067
-0.17921498775949818,0.1526929682197692,0.13144046195508496,0.7226514706879298,-0.1778351025939523,0.2609418407357922,0.13100720423537393,0.7764092645339485,0.7647001282487781,0.5537019966347696,0.7349694766581257,0.0291803359849375
-0.1778351025939523,0.2609418407357922,0.13100720423537393,0.7764092645339485,-0.18286270026363893,0.2632161387076758,-0.05615308798801932,0.7769397680793151,0.771619098558678,0.5899200667281267,0.7413698682470924,0.428343073403093
-0.18286270026363893,0.2632161387076758,-0.05615308798801932,0.7769397680793151,-0.1897816705735389,0.2269980686143187,-0.06255347957698598,0.3777770306611596,0.7716204204257148,0.7318499634770071,0.7442655538011991,0.7087070019223016
-0.1897816705735389,0.2269980686143187,-0.06255347957698598,0.3777770306611596,-0.18978299244057562,0.08506817186543825,-0.06544916513109267,0.09741310214195098,0.7415357928544112,0.817799869109914,0.7450702819190461,0.8065009325716105
-0.18978299244057562,0.08506817186543825,-0.06544916513109267,0.09741310214195098,-0.15969836486927202,-0.0008817337674685843,-0.06625389324893971,-0.00038082850735787765,0.5818374279851392,0.8169181353424454,0.6788163886701064,0.8061201040642526
-0.15969836486927202,-0.0008817337674685843,-0.06625389324893971,-0.00038082850735787765,0.0,0.0,0.0,0.0,0.40565166434211514,0.8168440670362005,0.5960657448214465,0.805705074960494
0.0,0.0,0.0,0.0,0.17618576364302402,7.406830624490102e-05,0.08275064384865993,0.0004150291037585685,0.28534183075053343,0.8167079301053816,0.4523335385065045,0.8064065765759981
0.17618576364302402,7.406830624490102e-05,0.08275064384865993,0.0004150291037585685,0.2964955972346057,0.00021020523706383187,0.22648285016360192,-0.0002864725117455169,0.28582327913292876,0.8057414268878239,0.32322846389412924,0.679142661571158
0.2964955972346057,0.00021020523706383187,0.22648285016360192,-0.0002864725117455169,0.2960141488522104,0.011176708454621487,0.35558792477597717,0.12697744249309462,0.28582504150659166,0.8062476050799723,0.3229647435229565,0.2962649790790096
0.2960141488522104,0.011176708454621487,0.35558792477597717,0.12697744249309462,0.2960123864785475,0.01067053026247311,0.3558516451471499,0.509855124985243,0.3410995387302276,0.805934675727692,0.32313502820288176,0.29595489067483965
0.13189910546388278,0.04300627866757467,0.27019147167414664,0.5532533942760487,-0.10906931685912835,0.04315569273218389,0.2680024651028073,0.5531743139629517,0.8194042087019026,0.8061525484706771,0.46223405766621495,0.29594083320055453
-0.10906931685912835,0.04315569273218389,0.2680024651028073,0.5531743139629517,-0.189728758406693,0.042668253516849663,0.13102911081787438,0.5532439232103792,0.7775334292629209,0.806134589271843,0.4982578561498433,0.2959374162751154
-0.189728758406693,0.042668253516849663,0.13102911081787438,0.5532439232103792,-0.14785797896771136,0.042686212715683736,0.09500531233424603,0.5532473401358183,0.783203186189883,0.7813025767445121,0.49817886154231694,0.28027997011201783
-0.14785797896771136,0.042686212715683736,0.09500531233424603,0.5532473401358183,-0.1535277358946735,0.06751822524301465,0.09508430694177239,0.5689047862989158,0.78574253426537,0.6625630423732637,0.5856074495129909,0.11098750534763882
-0.1535277358946735,0.06751822524301465,0.09508430694177239,0.5689047862989158,-0.15606708397016045,0.18625775961426305,0.007655718971098402,0.7381972510632949,0.7929363222406172,0.6524427497306059,0.721665314162421,0.0019071104053279449
-0.15606708397016045,0.18625775961426305,0.007655718971098402,0.7381972510632949,-0.16326087194540762,0.19637805225692084,-0.12840214567833164,0.8472776460056057,0.793635833121066,0.5797689911484217,0.7238847398753376,-0.002160192111263093
-0.16326087194540762,0.19637805225692084,-0.12840214567833164,0.8472776460056057,-0.16396038282585645,0.269051810839105,-0.1306215713912483,0.8513449485221968,0.7934819819472031,0.5695216164785205,0.7268718340829354,0.29528196483139285
-0.16396038282585645,0.269051810839105,-0.1306215713912483,0.8513449485221968,-0.16380653165199355,0.27929918550900623,-0.1336086655988461,0.5539027915795409,0.7934895805276116,0.6082204870458021,0.7309449788898025,0.7545476326839641
-0.16380653165199355,0.27929918550900623,-0.1336086655988461,0.5539027915795409,-0.1638141302324021,0.24060031494172462,-0.13768181040571315,0.09463712372696964,0.7878117400747049,0.8492535498375523,0.6919919409787464,0.8493766878578847
-0.1638141302324021,0.24060031494172462,-0.13768181040571315,0.09463712372696964,-0.15813628977949534,-0.00043274785002556104,-0.09872877249465706,-0.00019193144695095476,0.6296754502952095,0.8488208019875267,0.5932631684840893,0.8491847564109337
-0.15813628977949534,-0.00043274785002556104,-0.09872877249465706,-0.00019193144695095476,0.0,0.0,0.0,0.0,0.3988774284083974,0.848567447580869,0.540096015649865,0.8491318106663777
0.0,0.0,0.0,0.0,0.23079802188681214,0.00025335440665774644,0.05316715283422435,5.2945744556054386e-05,0.30019557836946226,0.7996605815969412,0.24449504658112398,0.84919140184195
0.23079802188681214,0.00025335440665774644,0.05316715283422435,5.2945744556054386e-05,0.3294798719257473,0.04916022039058554,0.34876812190296536,-6.645431016250036e-06,0.2986131893285145,0.7814130687984675,0.24193655620696877,0.4888948612233092
0.3294798719257473,0.04916022039058554,0.34876812190296536,-6.645431016250036e-06,0.33106226096669505,0.06740773318905924,0.3513266122771206,0.3602898951876245,0.31835907699966687,0.7814445902143672,0.2419232591838224,0.33263765062118533
0.27848767332541946,-0.018130454107796456,0.31540599830394256,0.6205697203354825,0.09891811975600551,0.06701681111127467,0.3152948527187325,0.6204506902488707,0.8157052841311613,0.6960848291619889,0.24181240899775214,0.33254700104517154
0.09891811975600551,0.06701681111127467,0.3152948527187325,0.6204506902488707,-0.04038130019721664,0.06652857164603287,0.31528545159472565,0.6204745870013786,0.8149020961101047,0.651137188138133,0.24179851936180546,0.3325544364310874
-0.04038130019721664,0.06652857164603287,0.31528545159472565,0.6204745870013786,-0.03957811217616003,0.11147621266988872,0.3152993412306723,0.6204671516154627,0.8149498809428047,0.5206453879505123,0.36168527628985125,0.2997049070804687
-0.03957811217616003,0.11147621266988872,0.3152993412306723,0.6204671516154627,-0.0396258970088601,0.24196801285750946,0.19541258430262654,0.6533166809660814,0.8149536301770961,0.5200137711061666,0.5505620106380086,0.3344013568338884
-0.0396258970088601,0.24196801285750946,0.19541258430262654,0.6533166809660814,-0.03962964624315146,0.2425996297018551,0.006535849954469208,0.6186202312126617,0.8164116471402181,0.5178852138328077,0.5576183174948997,0.7185991096900471
-0.03962964624315146,0.2425996297018551,0.006535849954469208,0.6186202312126617,-0.04108766320627344,0.24472818697521403,-0.0005204569024218619,0.23442247835650298,0.8164419874117679,0.6613537538151095,0.5592790195042598,0.9526811330738948
-0.04108766320627344,0.24472818697521403,-0.0005204569024218619,0.23442247835650298,-0.04111800347782324,0.10125964699291223,-0.002181158911782055,0.0003404549726553352,0.7753239839339446,0.7626134008080218,0.5570978605924778,0.9530215880465501
-0.04111800347782324,0.10125964699291223,-0.002181158911782055,0.0003404549726553352,0.0,0.0,0.0,0.0,0.6170497375547996,0.7620140303346631,0.5566343925192324,0.95256954409647
0.0,0.0,0.0,0.0,0.158274246379145,0.0005993704733586736,0.00046346807324537664,0.00045204395008013876,0.44586732545585,0.7619834698779174,0.3922843641683174,0.9523920143840526
0.158274246379145,0.0005993704733586736,0.00046346807324537664,0.00045204395008013876,0.32945665847809463,0.0006299309301043277,0.16481349642416038,0.0006295736624974957,0.2868432057050817,0.7621323632342195,0.3772661620361335,0.9434572643687118
0.32945665847809463,0.0006299309301043277,0.16481349642416038,0.0006295736624974957,0.48848077822886293,0.00048103757380224543,0.1798316985563443,0.009564323677838327,0.2769969929473866,0.6120841064753528,0.22468343252927095,0.9085219606290816
0.48848077822886293,0.00048103757380224543,0.1798316985563443,0.009564323677838327,0.498326990986558,0.15052929433266893,0.33241442806320687,0.04449962741746849,0.27661652641954865,0.6104515917038479,0.22450186036426664,0.5002617120385655
0.498326990986558,0.15052929433266893,0.33241442806320687,0.04449962741746849,0.498707457514396,0.15216180910417387,0.3325960002282111,0.4527598760079846,0.27934327166139095,0.6109381155509921,0.22442598156624227,0.21398207692630108
0.498707457514396,0.15216180910417387,0.3325960002282111,0.4527598760079846,0.4959807122725537,0.15167528525702967,0.3326718790262355,0.739039511120249,0.34992830885020704,0.6596511321814253,0.22439237492991837,0.2139671837275801
0.14415243994518223,-0.04186073073242602,0.21924548826330448,0.3664986583629114,0.09902452502119463,-0.04163450070143926,0.21951753243385674,0.3668373968767109,0.6887207914348294,0.832327072669826,0.3970616010127835,0.5555958092632737
0.09902452502119463,-0.04163450070143926,0.21951753243385674,0.3668373968767109,-0.04459787045413277,-0.04156921948931436,0.219523566603745,0.3668279761205213,0.7104206913679103,0.7162779679449999,0.39698355918041356,0.5168618236529801
-0.04459787045413277,-0.04156921948931436,0.219523566603745,0.3668279761205213,-0.06629777038721363,0.07447988523551174,0.21960160843611493,0.40556196173081493,0.7106044620503028,0.6496359322380619,0.3971191074711184,0.1829549512767014
-0.06629777038721363,0.07447988523551174,0.21960160843611493,0.40556196173081493,-0.06648154106960613,0.14112192094244969,0.2194660601454101,0.7394688341070936,0.7105255832113067,0.5911340666702719,0.5466122661961864,0.1814613117342058
-0.06648154106960613,0.14112192094244969,0.2194660601454101,0.7394688341070936,-0.06640266223060998,0.1996237865102397,0.06997290142034207,0.7409624736495892,0.7107934174295004,0.5580148973117957,0.6134747611732415,0.4001625408011714
-0.06640266223060998,0.1996237865102397,0.06997290142034207,0.7409624736495892,-0.06667049644880374,0.23274295586871596,0.0031104064432869727,0.5222612445826236,0.7105768641771161,0.6187778645903299,0.6167957753461626,0.7228450212045886
-0.06667049644880374,0.23274295586871596,0.0031104064432869727,0.5222612445826236,-0.0664539431964194,0.1719799885901817,-0.00021060772963410468,0.1995787641792064,0.7105099140562521,0.790939777312275,0.6155162680266981,0.920641904554927
-0.0664539431964194,0.1719799885901817,-0.00021060772963410468,0.1995787641792064,-0.0663869930755554,-0.00018192413176343347,0.0010688995898303633,0.0017818808288679877,0.6441229209806967,0.7907578531805116,0.6165851676165285,0.922423785383795
-0.0663869930755554,-0.00018192413176343347,0.0010688995898303633,0.0017818808288679877,0.0,0.0,0.0,0.0,0.4688785703807746,0.7904757527747751,0.6164575475756519,0.9222519871209729
0.0,0.0,0.0,0.0,0.1752443505999221,0.0002821004057365073,0.00012762004087663037,0.0001717982628220982,0.3144956427293022,0.7905943131198587,0.6014539268373713,0.9223442361799276
0.1752443505999221,0.0002821004057365073,0.00012762004087663037,0.0001717982628220982,0.3296272782513945,0.00016354006065288917,0.015131240779157173,7.954920386743503e-05,0.2978734589062877,0.7604484993232943,0.3055451181929052,0.9228714526578559
0.3296272782513945,0.00016354006065288917,0.015131240779157173,7.954920386743503e-05,0.346249462074409,0.030309353857217336,0.3110400494236233,-0.00044766727406087004,0.2959039111288782,0.7516575358020512,0.2766103380921604,0.5815416017811847
0.346249462074409,0.030309353857217336,0.3110400494236233,-0.00044766727406087004,0.3482190098518185,0.039100317378460425,0.3399748295243681,0.34088218360261024,0.2970126336038654,0.7514692896150327,0.276682429504303,0.3046110571757615
0.3482190098518185,0.039100317378460425,0.3399748295243681,0.34088218360261024,0.3471102873768313,0.03928856356547894,0.3399027381122255,0.6178127282080335,0.36636469752554535,0.7517505249908459,0.4068656824671517,0.3045559712306635
0.19988937758202507,0.09493558380340072,0.02978036874506451,0.6704384763777029,0.07854997775733663,0.09485518851380492,-0.020004302261347195,0.6704723866471303,0.7234539234313297,0.751898875795096,0.7022032979689911,0.12930551553408154
0.07854997775733663,0.09485518851380492,-0.020004302261347195,0.6704723866471303,-0.025853583197452012,0.09486036941099485,-0.02010522064959208,0.670441115073723,0.7233100639538368,0.6957347181753343,0.6916152625214524,-0.0006523601872318939
-0.025853583197452012,0.09486036941099485,-0.02010522064959208,0.670441115073723,-0.025709723719959054,0.15102452703075653,-0.009517185202053469,0.8003989907950364,0.7232345537196417,0.573401419299609,0.6254050027007814,0.0005626941770946184
-0.025709723719959054,0.15102452703075653,-0.009517185202053469,0.8003989907950364,-0.025634213485764,0.27335782590648183,0.05669307461861761,0.7991839364307098,0.7255460138892417,0.5587858566632888,0.7873689577085662,0.0639075687150639
-0.025634213485764,0.27335782590648183,0.05669307461861761,0.7991839364307098,-0.027945673655363934,0.28797338854280197,-0.10527088038916721,0.7358390618927406,0.725373299727718,0.5920424808998055,0.8162735785918527,0.49701420515609623
-0.027945673655363934,0.28797338854280197,-0.10527088038916721,0.7358390618927406,-0.027772959493840288,0.2547167643062853,-0.1341755012724537,0.30273242545170825,0.7252789949363935,0.7701804417081136,0.8178797295895426,0.793268371458889
-0.027772959493840288,0.2547167643062853,-0.1341755012724537,0.30273242545170825,-0.027678654702515737,0.07657880349797719,-0.1357816522701436,0.006478259148915533,0.6976003402338777,0.8467592452060908,0.682098077319399,0.7997466306078045
-0.027678654702515737,0.07657880349797719,-0.1357816522701436,0.006478259148915533,0.0,0.0,0.0,0.0,0.6160400538495971,0.8441490536032872,0.6808103880462179,0.9167996064710409
0.0,0.0,0.0,0.0,0.08156028638428059,0.0026101916028036243,0.0012876892731811251,-0.11705297586323637,0.4105611228676696,0.8447147322372903,0.6808857693652252,0.9169554620614637
0.08156028638428059,0.0026101916028036243,0.0012876892731811251,-0.11705297586323637,0.28703921736620813,0.0020445129688004826,0.001212307954173819,-0.11720883145365923,0.2916940538455043,0.8449952155719985,0.6803243308725314,0.9175898792068947
0.28703921736620813,0.0020445129688004826,0.001212307954173819,-0.11720883145365923,0.40590628638837345,0.001764029634092279,0.0017737464468675634,-0.11784324859909023,0.2898644438572597,0.7105732145361873,0.3849194534131179,0.9156022872294336
0.40590628638837345,0.001764029634092279,0.0017737464468675634,-0.11784324859909023,0.40773589637661806,0.13618603066990354,0.2971786239062811,-0.11585565662162911,0.28981172413161543,0.7101169614736498,0.38490621103871564,0.4580277534090611
0.40773589637661806,0.13618603066990354,0.2971786239062811,-0.11585565662162911,0.4077886161022623,0.13664228373244103,0.29719186628068334,0.3417188771987434,0.28980890782532065,0.7105353220900075,0.384852494387998,0.21145568170033827
0.4077886161022623,0.13664228373244103,0.29719186628068334,0.3417188771987434,0.4077914324085571,0.13622392311608333,0.29724558293140096,0.5882909489074662,0.3188499292060646,0.7115695664818922,0.38488757716737454,0.12351868266552955
0.0,0.0,0.0,0.0,-0.17214281025599776,1.960379085397257e-06,-0.00528414596499982,-2.4068995797599246e-05,0.7463035720285741,0.7118072621848646,0.4923755050455461,0.12349572079051162
-0.17214281025599776,1.960379085397257e-06,-0.00528414596499982,-2.4068995797599246e-05,-0.25037484255913156,-0.00011712294597321371,-0.005617285391633475,-5.154041739860449e-05,0.7458886946381988,0.6051830015275178,0.5065682351385621,0.11079390602860407
-0.25037484255913156,-0.00011712294597321371,-0.005617285391633475,-5.154041739860449e-05,-0.2499599651687563,0.10650713771137355,-0.019810015484649446,0.012650274344508938,0.7460189655082162,0.5584146159578733,0.6216847223477661,-0.0014020061891143406
-0.2499599651687563,0.10650713771137355,-0.019810015484649446,0.012650274344508938,-0.2500902360387737,0.153275523281018,-0.13492650269385342,0.12484618656222736,0.7461173796348242,0.5599501343716746,0.7795616979385018,0.17848290407189907
-0.2500902360387737,0.153275523281018,-0.13492650269385342,0.12484618656222736,-0.2501886501653816,0.15174000486721673,-0.2928034782845892,-0.055038723698786055,0.7460712330276275,0.6285201796224426,0.7825907779524743,0.5638794787388159
-0.2501886501653816,0.15174000486721673,-0.2928034782845892,-0.055038723698786055,-0.2501425035581849,0.0831699596164488,-0.2958325582985617,-0.44043529836570294,0.7459762302860975,0.7409707272797151,0.7778287879798931,0.8631646244317095
-0.2501425035581849,0.0831699596164488,-0.2958325582985617,-0.44043529836570294,-0.25004750081665494,-0.029280588040823785,-0.29107056832598044,-0.7397204440585965,0.674984841321369,0.7412785340339246,0.769894291003756,0.8624883439157219
-0.25004750081665494,-0.029280588040823785,-0.29107056832598044,-0.7397204440585965,-0.1790561118519265,-0.02958839479503328,-0.2831360713498433,-0.7390441635426089,0.518334306599322,0.7413847578555363,0.6238665699983567,0.8621900907347991
-0.1790561118519265,-0.02958839479503328,-0.2831360713498433,-0.7390441635426089,-0.02240557712987945,-0.029694618616644908,-0.13710835034444402,-0.7387459103616861,0.3445758487878513,0.7412505839525536,0.5497833238379288,0.86279494272602
-0.02240557712987945,-0.029694618616644908,-0.13710835034444402,-0.7387459103616861,0.15135288068159125,-0.02956044471366226,-0.06302510418401619,-0.739350762352907,0.2740176224636064,0.7378924911317268,0.514007214126842,0.8623194697295846
0.15135288068159125,-0.02956044471366226,-0.06302510418401619,-0.739350762352907,0.22191110700583616,-0.026202351892835485,-0.02724899447292939,-0.7388752893564716,0.27970989146335484,0.6345858873451458,0.40343431911181643,0.7888426626843376
0.22191110700583616,-0.026202351892835485,-0.02724899447292939,-0.7388752893564716,0.2162188380060877,0.07710425189374559,0.08332390054209621,-0.6653984823112246,0.2796487549015325,0.6329641572636623,0.40369588852887883,0.39184925508999696
0.2162188380060877,0.07710425189374559,0.08332390054209621,-0.6653984823112246,0.21627997456791004,0.07872598197522906,0.0830623311250338,-0.26840507471688396,0.27947722907892136,0.7009946820064782,0.4038826684292134,0.12976016854640604
0.21627997456791004,0.07872598197522906,0.0830623311250338,-0.26840507471688396,0.2164515003905212,0.010695457232413164,0.08287555122469925,-0.006315988173293027,0.33670811246789806,0.7148672929085796,0.42026403792523326,0.12956700309157945
0.16722307938244751,-0.02475953675813347,-0.01807333345717499,0.8425951145295795,0.003543886513049377,-0.02474150326296265,-0.07518955607869604,0.8426360907332022,0.7602382175165745,0.7145011784977511,0.7210885562569934,0.1296362538442726
0.003543886513049377,-0.02474150326296265,-0.07518955607869604,0.8426360907332022,-0.09584664054063718,-0.02509754074630688,-0.12275503516612285,0.8426344122391658,0.7718795354037054,0.7117523033700047,0.7212028905745553,0.12963339551551473
-0.09584664054063718,-0.02509754074630688,-0.12275503516612285,0.8426344122391658,-0.10748795842776804,-0.022348665618560526,-0.12286936948368476,0.8426372705679237,0.7719983841095942,0.6854641337849178,0.715679282250482,0.0486794626940466
-0.10748795842776804,-0.022348665618560526,-0.12286936948368476,0.8426372705679237,-0.10760680713365689,0.003939503966526425,-0.11734576115961148,0.9235912033893918,0.7715972419196794,0.6038165368892394,0.8086512634417382,0.04767500561365289
-0.10760680713365689,0.003939503966526425,-0.11734576115961148,0.9235912033893918,-0.10720566494374206,0.08558710086220478,-0.21031774235086764,0.9245956604697855,0.7718465685637591,0.6279095839831372,0.8535120799340752,0.4197741951368029
-0.10720566494374206,0.08558710086220478,-0.21031774235086764,0.9245956604697855,-0.10745499158782179,0.06149405376830697,-0.2551785588432046,0.5524964709466355,0.7718603212737429,0.6815680731397094,0.8176410853738368,0.8216149959272321
-0.10745499158782179,0.06149405376830697,-0.2551785588432046,0.5524964709466355,-0.10746874429780562,0.007835564611734847,-0.21930756428296627,0.1506556701562063,0.7686180421997129,0.689851409088506,0.5984076137654197,0.9726059516844963
-0.10746874429780562,0.007835564611734847,-0.21930756428296627,0.1506556701562063,-0.10422646522377554,-0.0004477713370617531,-7.409267454916435e-05,-0.0003352856010578886,0.6643915769759373,0.6894036377514442,0.5983335210908706,0.9722706660834384
-0.10422646522377554,-0.0004477713370617531,-7.409267454916435e-05,-0.0003352856010578886,0.0,0.0,0.0,0.0,0.4959129434051123,0.7033447209585897,0.5983275011983443,0.9722987048375361
0.0,0.0,0.0,0.0,0.168478633570825,-0.013941083207145488,6.019892526243353e-06,-2.8038754097736707e-05,0.3085598082324432,0.7036774323439244,0.48740259702482125,0.9722870134642796
0.168478633570825,-0.013941083207145488,6.019892526243353e-06,-2.8038754097736707e-05,0.3558317687434941,-0.014273794592480238,0.11093092406604932,-1.634738084121956e-05,0.2938668269697702,0.6185188792093782,0.2769301783869099,0.9533075879762187
0.3558317687434941,-0.014273794592480238,0.11093092406604932,-1.634738084121956e-05,0.37052475000616714,0.070884758542066,0.32140334270396065,0.018963078107219644,0.2936168429921519,0.6183684138178428,0.2769371680972928,0.5545092817352035
0.37052475000616714,0.070884758542066,0.32140334270396065,0.018963078107219644,0.3707747339837854,0.0710352239336014,0.32139635299357777,0.41776138434823484,0.2935479868244933,0.6185929489901688,0.2766036067008854,0.1710060778433146
0.3707747339837854,0.0710352239336014,0.32139635299357777,0.41776138434823484,0.370843590151444,0.07081068876127539,0.32172991438998516,0.8012645882401238,0.3297862479901651,0.6184877674906765,0.2768907781727655,0.17064719140774237
